OOOOOOOOOOOOOOOOOOOOOO
O......O......O......O
O....................O
O....................O
O....................O
O......O......O......O
O......O......O......O
OOO...OOOO...OOOOOOOOO
O......O......O.A....O
O.............O......O
O>------------O......O
O............|O......O
O......O.....|O......O
O......O.....|O......O
OO...OOOOO...|OOO...OO
O......O.....|O......O
O............|O......O
O............|.......O
O......OOO...|.......O
O......O-----+-------O
O......O|----|O......O
OOOOOOOOOOOOOOOOOOOOOO
10, 1
10, 2
10, 3
10, 4
10, 5
10, 6
10, 7
10, 8
10, 9
10, 10
10, 11
10, 12
10, 13
10, 13
11, 13
12, 13
13, 13
14, 13
15, 13
16, 13
17, 13
18, 13
19, 13
20, 13
20, 13
20, 12
20, 11
20, 10
20, 9
20, 8
20, 8
19, 8
19, 8
19, 9
19, 10
19, 11
19, 12
19, 13
19, 14
19, 15
19, 16
19, 17
19, 18
19, 19
19, 20
19, 20
18, 20
17, 20
16, 20
15, 20
14, 19
13, 18
12, 17
11, 16
10, 15
10, 15
10, 15